5,23
5,79
5,90
5,156
5,206
5,247
5,265
5,275
5,283
5,369
5,415
5,472
5,481
5,505
5,524
5,558
5,663
5,784
5,816
5,959
5,1025
5,1078
5,1107
5,1110
5,1278
5,1292
5,1313
5,1323
5,1385
5,1387
5,1476
5,1515
5,1718
5,2305
5,2414
5,2705
7,81
10,83
10,739
12,12
12,379
12,635
12,784
12,1469
12,1488
12,1635
12,2223
12,2591
13,1085
14,18
16,16
16,77
16,245
16,286
16,579
16,697
16,922
16,940
16,1127
17,13
17,17
17,63
17,86
17,103
17,231
17,239
17,360
17,371
17,398
17,473
17,568
17,672
17,760
17,792
17,1014
17,1015
17,1291
17,1428
17,1463
17,1680
17,2114
17,2550
18,1
18,13
18,18
18,19
18,29
18,41
18,52
18,59
18,63
18,66
18,88
18,90
18,104
18,117
18,122
18,126
18,158
18,180
18,181
18,182
18,186
18,189
18,200
18,216
18,223
18,231
18,233
18,248
18,250
18,253
18,261
18,281
18,284
18,299
18,301
18,302
18,306
18,321
18,334
18,362
18,369
18,405
18,418
18,419
18,430
18,431
18,434
18,440
18,452
18,455
18,473
18,493
18,504
18,505
18,517
18,522
18,532
18,549
18,554
18,555
18,561
18,566
18,583
18,603
18,615
18,625
18,639
18,648
18,651
18,656
18,664
18,714
18,735
18,768
18,785
18,790
18,813
18,815
18,820
18,834
18,835
18,885
18,887
18,891
18,893
18,911
18,958
18,1042
18,1061
18,1096
18,1152
18,1168
18,1180
18,1181
18,1184
18,1196
18,1206
18,1228
18,1348
18,1352
18,1363
18,1369
18,1424
18,1435
18,1442
18,1454
18,1507
18,1538
18,1539
18,1631
18,1637
18,1657
18,1663
18,1748
18,1786
18,1862
18,1915
18,1928
18,1952
18,1986
18,2010
18,2037
18,2059
18,2191
18,2255
18,2276
18,2299
18,2341
18,2403
18,2406
18,2464
18,2499
18,2527
18,2571
18,2681
19,1
19,3
19,19
19,35
19,46
19,48
19,102
19,106
19,132
19,133
19,141
19,158
19,188
19,192
19,206
19,208
19,264
19,269
19,302
19,326
19,382
19,433
19,454
19,489
19,508
19,534
19,584
19,613
19,708
19,733
19,816
19,834
19,870
19,1415
19,1514
19,1529
19,1640
19,1702
19,1777
19,1809
19,1815
19,1818
19,1851
19,1993
19,2040
19,2259
19,2300
19,2363
19,2648
21,446
21,1020
21,1147
21,1307
24,1
24,6
24,23
24,24
24,63
24,117
24,158
24,169
24,228
24,239
24,253
24,319
24,392
24,467
24,493
24,555
24,714
24,766
24,836
24,911
24,935
24,1387
24,1429
24,1757
24,1837
25,13
25,14
25,18
25,25
25,63
25,68
25,103
25,113
25,120
25,122
25,139
25,150
25,194
25,204
25,205
25,238
25,240
25,244
25,248
25,260
25,290
25,339
25,390
25,525
25,543
25,632
25,660
25,740
25,760
25,771
25,840
25,910
25,920
25,957
25,962
25,1086
25,1152
25,1205
25,1290
25,1394
25,1421
25,1445
25,1455
25,1456
25,1519
25,1562
25,1782
25,1812
25,2058
25,2221
25,2374
25,2480
25,2551
25,2632
30,379
30,635
30,784
30,1011
32,476
32,1166
35,35
35,213
35,312
35,481
35,622
35,826
35,959
35,1042
35,1235
35,1290
35,1517
35,2228
35,2563
37,37
38,57
38,209
38,251
38,436
41,120
42,229
44,1
44,3
44,7
44,9
44,14
44,23
44,42
44,63
44,81
44,90
44,97
44,104
44,119
44,128
44,138
44,139
44,145
44,157
44,180
44,190
44,238
44,240
44,286
44,293
44,321
44,329
44,334
44,368
44,369
44,382
44,402
44,405
44,411
44,412
44,415
44,446
44,457
44,464
44,465
44,469
44,487
44,502
44,505
44,514
44,522
44,555
44,579
44,583
44,592
44,651
44,658
44,724
44,733
44,754
44,760
44,779
44,792
44,873
44,972
44,995
44,1015
44,1096
44,1109
44,1143
44,1254
44,1262
44,1279
44,1287
44,1342
44,1377
44,1387
44,1462
44,1549
44,1585
44,1592
44,1606
44,1662
44,1711
44,1903
44,1945
44,1953
44,1974
44,2012
44,2398
44,2529
46,16
46,46
46,130
46,159
46,600
46,868
46,1037
46,1235
46,1446
46,1723
46,2484
47,47
47,78
47,90
47,97
47,220
47,514
47,528
47,581
47,604
47,690
47,706
47,1168
47,1698
53,1083
57,41
57,63
57,742
57,746
57,1634
57,2044
57,2679
60,251
60,473
62,727
62,1411
63,134
63,136
63,247
63,249
63,251
63,305
63,323
63,552
63,554
63,1083
63,1387
63,1462
63,1528
63,2213
63,2404
65,1
65,43
65,54
65,60
65,63
65,65
65,68
65,76
65,86
65,150
65,168
65,215
65,247
65,248
65,251
65,412
65,440
65,466
65,473
65,885
65,1006
65,1265
65,1451
65,1528
65,1642
65,1644
65,1740
65,2323
65,2397
65,2649
67,59
67,63
67,67
67,153
67,155
67,170
67,238
67,361
67,726
67,2723
68,8
68,32
68,68
68,216
68,334
68,389
68,571
68,1166
68,1269
68,1371
68,1756
68,2484
70,70
74,74
74,514
74,733
81,18
81,63
81,215
81,345
81,436
81,817
83,9
83,10
83,62
83,71
83,83
83,90
83,119
83,140
83,191
83,212
83,229
83,236
83,274
83,292
83,302
83,320
83,324
83,354
83,385
83,388
83,435
83,462
83,475
83,486
83,494
83,514
83,553
83,704
83,742
83,793
83,803
83,817
83,887
83,905
83,960
83,983
83,985
83,1015
83,1016
83,1190
83,1196
83,1211
83,1259
83,1277
83,1297
83,1336
83,1347
83,1500
83,1516
83,1723
83,1783
83,1794
83,1863
83,1974
83,2054
83,2057
83,2269
83,2453
83,2498
83,2654
86,811
88,32
88,88
88,334
88,734
88,1269
88,1272
88,1443
88,1517
88,1521
88,1812
88,2194
89,63
89,89
89,134
89,212
89,240
89,271
89,334
89,433
89,733
89,736
90,91
90,963
91,63
91,91
91,104
91,157
91,250
91,264
91,583
91,733
91,769
91,817
91,1109
91,1410
91,1879
94,1
94,63
94,66
94,76
94,94
94,233
94,261
94,405
94,555
94,634
94,664
94,958
94,1029
94,1133
94,1152
94,1363
94,2566
95,40
95,44
95,90
95,95
95,153
95,229
95,286
95,297
95,305
95,420
95,557
95,628
95,795
95,803
95,1280
95,1296
97,207
104,63
106,29
106,83
106,90
106,106
106,142
106,158
106,159
106,170
106,203
106,216
106,286
106,313
106,326
106,378
106,382
106,405
106,427
106,433
106,460
106,481
106,495
106,508
106,541
106,557
106,620
106,622
106,661
106,739
106,787
106,803
106,826
106,959
106,1042
106,1090
106,1235
106,1267
106,1290
106,1298
106,1317
106,1323
106,1364
106,1399
106,1482
106,1517
106,1552
106,1683
106,1834
106,2004
106,2228
106,2491
107,206
107,250
107,632
108,66
108,108
108,134
108,207
108,334
108,382
108,555
108,663
108,726
108,1150
108,1974
110,109
110,110
110,545
110,863
110,982
111,111
111,2114
113,203
113,525
113,1499
118,118
118,827
118,1226
118,1676
118,1827
119,272
119,2424
120,9
120,41
120,62
120,65
120,79
120,90
120,117
120,134
120,145
120,150
120,189
120,204
120,206
120,215
120,238
120,244
120,249
120,267
120,270
120,279
120,295
120,298
120,301
120,307
120,323
120,365
120,366
120,412
120,436
120,491
120,505
120,522
120,529
120,547
120,584
120,615
120,674
120,681
120,729
120,775
120,781
120,814
120,822
120,832
120,847
120,852
120,853
120,859
120,877
120,878
120,908
120,927
120,932
120,934
120,942
120,985
120,993
120,1004
120,1006
120,1010
120,1061
120,1096
120,1157
120,1174
120,1191
120,1237
120,1242
120,1265
120,1339
120,1361
120,1367
120,1372
120,1417
120,1421
120,1445
120,1446
120,1455
120,1456
120,1475
120,1478
120,1536
120,1569
120,1599
120,1609
120,1617
120,1659
120,1689
120,1694
120,1705
120,1752
120,1780
120,1835
120,1946
120,1997
120,2042
120,2096
120,2097
120,2130
120,2148
120,2221
120,2269
120,2272
120,2289
120,2295
120,2308
120,2458
120,2482
120,2511
120,2539
120,2547
120,2687
124,124
124,207
124,1901
124,1963
128,522
130,1211
132,90
132,132
132,236
132,301
134,63
134,173
134,251
134,2213
135,850
136,9
136,13
136,30
136,66
136,136
136,151
136,269
136,286
136,369
136,384
136,400
136,415
136,450
136,480
136,540
136,555
136,579
136,733
136,752
136,774
136,823
136,1034
136,1073
136,1079
136,1096
136,1171
136,1303
136,1313
136,1379
136,1380
136,1395
136,1440
136,1470
136,1582
136,1603
136,1605
136,1682
136,1784
136,2103
136,2175
136,2266
136,2484
136,2507
136,2691
137,1
137,63
137,66
137,117
137,137
137,286
137,350
137,375
137,388
137,425
137,788
137,1053
137,1129
137,1217
137,1393
137,1621
137,1777
137,1942
137,2448
139,81
140,141
141,119
141,140
141,141
141,229
141,640
141,1718
142,142
142,443
142,773
142,977
145,360
146,146
146,318
146,396
146,400
146,573
146,577
146,849
146,1531
148,10
148,443
149,5
149,18
149,63
149,67
149,149
149,161
149,219
149,230
149,301
149,361
149,474
149,719
149,791
149,1011
149,1042
149,1168
149,1306
149,1330
149,1536
149,1631
149,1848
149,2024
150,533
150,1971
150,2622
153,19
153,77
153,153
153,154
153,170
153,172
153,206
153,234
153,245
153,269
153,270
153,286
153,320
153,381
153,491
153,523
153,579
153,600
153,697
153,794
153,922
153,940
153,1011
153,1073
153,1482
153,1941
153,2099
154,7
154,13
154,18
154,84
154,121
154,136
154,144
154,149
154,154
154,158
154,179
154,197
154,199
154,207
154,214
154,238
154,241
154,250
154,293
154,304
154,342
154,369
154,374
154,382
154,403
154,412
154,415
154,431
154,440
154,480
154,481
154,521
154,542
154,598
154,605
154,632
154,634
154,663
154,666
154,698
154,726
154,776
154,813
154,929
154,941
154,957
154,969
154,1235
154,1351
154,1430
154,1506
154,1754
154,1795
154,1825
154,1929
154,2072
154,2583
156,286
156,714
160,816
160,1463
161,9
161,156
161,862
161,1170
163,163
165,9
165,10
165,40
165,62
165,119
165,140
165,165
165,229
165,301
165,435
165,488
165,513
165,557
165,632
165,756
165,793
165,960
165,1098
165,1280
165,1286
165,1413
165,1606
165,2287
165,2351
166,10
166,21
166,58
166,166
166,204
166,320
166,343
166,389
166,396
166,435
166,733
166,803
166,1040
166,1087
166,1286
166,1480
166,1716
166,1916
167,167
167,244
167,279
167,547
167,642
167,771
167,862
167,1002
167,1735
169,2256
170,44
170,153
170,170
170,173
170,305
170,334
170,484
170,527
170,539
170,1216
170,1836
170,2240
171,171
172,1
172,3
172,5
172,9
172,13
172,18
172,20
172,22
172,25
172,29
172,33
172,52
172,56
172,60
172,63
172,64
172,73
172,87
172,88
172,90
172,95
172,97
172,105
172,106
172,109
172,122
172,124
172,137
172,149
172,157
172,158
172,161
172,169
172,172
172,178
172,190
172,191
172,192
172,197
172,198
172,200
172,201
172,208
172,209
172,214
172,215
172,216
172,220
172,223
172,230
172,233
172,238
172,243
172,250
172,253
172,257
172,259
172,261
172,263
172,265
172,285
172,293
172,299
172,300
172,302
172,306
172,313
172,319
172,324
172,326
172,329
172,330
172,331
172,333
172,338
172,340
172,346
172,354
172,355
172,363
172,372
172,374
172,378
172,380
172,382
172,388
172,402
172,406
172,410
172,415
172,431
172,433
172,446
172,448
172,449
172,451
172,452
172,461
172,472
172,476
172,478
172,481
172,483
172,486
172,487
172,493
172,494
172,497
172,504
172,505
172,508
172,516
172,517
172,520
172,549
172,557
172,558
172,568
172,581
172,584
172,585
172,588
172,602
172,605
172,607
172,609
172,637
172,647
172,649
172,650
172,653
172,662
172,677
172,678
172,684
172,686
172,687
172,689
172,699
172,712
172,715
172,730
172,732
172,735
172,741
172,748
172,754
172,756
172,777
172,783
172,786
172,792
172,799
172,800
172,801
172,803
172,805
172,816
172,822
172,829
172,833
172,843
172,846
172,850
172,871
172,882
172,884
172,888
172,891
172,904
172,911
172,926
172,927
172,929
172,931
172,959
172,970
172,973
172,979
172,981
172,984
172,987
172,991
172,997
172,1001
172,1007
172,1013
172,1023
172,1028
172,1032
172,1033
172,1035
172,1041
172,1053
172,1057
172,1064
172,1065
172,1073
172,1086
172,1090
172,1096
172,1104
172,1107
172,1110
172,1118
172,1129
172,1132
172,1134
172,1136
172,1137
172,1145
172,1168
172,1203
172,1210
172,1213
172,1222
172,1223
172,1224
172,1229
172,1235
172,1243
172,1247
172,1270
172,1282
172,1283
172,1290
172,1314
172,1323
172,1330
172,1338
172,1344
172,1352
172,1367
172,1369
172,1383
172,1398
172,1399
172,1408
172,1414
172,1420
172,1425
172,1430
172,1431
172,1433
172,1439
172,1441
172,1445
172,1448
172,1452
172,1463
172,1483
172,1487
172,1507
172,1513
172,1518
172,1531
172,1541
172,1543
172,1548
172,1555
172,1558
172,1559
172,1563
172,1564
172,1566
172,1580
172,1598
172,1604
172,1624
172,1635
172,1638
172,1646
172,1650
172,1658
172,1672
172,1678
172,1696
172,1698
172,1700
172,1701
172,1710
172,1740
172,1754
172,1768
172,1776
172,1803
172,1804
172,1813
172,1815
172,1850
172,1855
172,1856
172,1865
172,1871
172,1878
172,1879
172,1888
172,1896
172,1897
172,1904
172,1905
172,1908
172,1915
172,1920
172,1922
172,1937
172,1950
172,1954
172,1962
172,1964
172,1983
172,1998
172,2003
172,2008
172,2051
172,2061
172,2067
172,2074
172,2078
172,2128
172,2136
172,2139
172,2149
172,2151
172,2153
172,2159
172,2166
172,2185
172,2187
172,2197
172,2202
172,2203
172,2207
172,2214
172,2215
172,2217
172,2261
172,2293
172,2297
172,2300
172,2307
172,2320
172,2342
172,2348
172,2394
172,2402
172,2411
172,2417
172,2427
172,2444
172,2453
172,2455
172,2461
172,2473
172,2476
172,2503
172,2534
172,2585
172,2590
172,2597
172,2600
172,2601
172,2604
172,2613
172,2625
172,2629
172,2637
172,2647
172,2656
172,2682
172,2703
173,251
173,1083
174,90
174,119
174,174
174,292
174,651
175,175
178,1
178,2
178,6
178,10
178,13
178,14
178,25
178,37
178,42
178,69
178,80
178,83
178,90
178,93
178,95
178,106
178,107
178,117
178,118
178,119
178,130
178,131
178,134
178,140
178,153
178,159
178,178
178,179
178,202
178,203
178,206
178,207
178,208
178,210
178,215
178,223
178,227
178,229
178,236
178,265
178,269
178,273
178,280
178,286
178,292
178,301
178,302
178,307
178,318
178,320
178,324
178,342
178,360
178,373
178,387
178,388
178,389
178,394
178,396
178,400
178,424
178,430
178,435
178,475
178,489
178,494
178,499
178,508
178,511
178,513
178,514
178,524
178,528
178,557
178,564
178,573
178,589
178,600
178,616
178,632
178,641
178,644
178,650
178,676
178,685
178,694
178,696
178,706
178,715
178,724
178,727
178,728
178,733
178,738
178,744
178,758
178,760
178,764
178,776
178,783
178,800
178,803
178,835
178,839
178,854
178,855
178,857
178,858
178,861
178,864
178,867
178,887
178,894
178,906
178,908
178,909
178,912
178,917
178,922
178,933
178,935
178,936
178,950
178,960
178,976
178,980
178,981
178,989
178,1000
178,1017
178,1018
178,1019
178,1036
178,1037
178,1040
178,1046
178,1057
178,1065
178,1069
178,1076
178,1085
178,1087
178,1091
178,1114
178,1119
178,1137
178,1156
178,1161
178,1164
178,1167
178,1174
178,1178
178,1214
178,1236
178,1239
178,1246
178,1259
178,1280
178,1285
178,1286
178,1288
178,1309
178,1319
178,1322
178,1329
178,1340
178,1366
178,1377
178,1389
178,1397
178,1399
178,1400
178,1403
178,1418
178,1428
178,1462
178,1467
178,1473
178,1478
178,1480
178,1492
178,1498
178,1525
178,1532
178,1538
178,1546
178,1551
178,1554
178,1575
178,1587
178,1611
178,1645
178,1648
178,1655
178,1667
178,1669
178,1673
178,1724
178,1762
178,1764
178,1767
178,1772
178,1775
178,1783
178,1791
178,1793
178,1810
178,1858
178,1863
178,1883
178,1889
178,1907
178,1916
178,1934
178,1977
178,2013
178,2017
178,2026
178,2035
178,2054
178,2066
178,2070
178,2077
178,2091
178,2100
178,2121
178,2141
178,2168
178,2180
178,2220
178,2226
178,2273
178,2287
178,2334
178,2359
178,2382
178,2439
178,2442
178,2449
178,2498
178,2501
178,2502
178,2541
178,2548
178,2617
178,2670
178,2671
178,2693
178,2709
179,179
179,2181
180,2452
183,18
183,120
183,154
183,169
183,183
183,220
183,354
183,378
183,412
183,481
183,568
183,714
183,816
183,1032
183,1324
183,1544
183,1559
183,1944
183,2548
185,873
189,555
192,10
192,13
192,40
192,93
192,119
192,148
192,149
192,192
192,225
192,272
192,276
192,297
192,301
192,305
192,320
192,343
192,388
192,396
192,413
192,426
192,428
192,443
192,513
192,514
192,557
192,577
192,632
192,646
192,658
192,702
192,711
192,782
192,798
192,858
192,887
192,905
192,960
192,1055
192,1070
192,1113
192,1164
192,1218
192,1286
192,1297
192,1315
192,1362
192,1418
192,1437
192,1449
192,1554
192,1570
192,1724
192,1791
192,1794
192,1892
192,1898
192,1916
192,1968
192,2296
194,194
194,203
194,1052
194,1499
194,1889
199,1
199,39
199,55
199,57
199,60
199,63
199,68
199,84
199,122
199,143
199,144
199,159
199,164
199,168
199,199
199,204
199,205
199,238
199,240
199,247
199,270
199,287
199,293
199,295
199,298
199,306
199,311
199,334
199,336
199,347
199,356
199,360
199,365
199,370
199,412
199,440
199,482
199,491
199,502
199,516
199,517
199,681
199,739
199,789
199,797
199,808
199,821
199,838
199,877
199,885
199,945
199,946
199,947
199,956
199,966
199,1068
199,1111
199,1112
199,1123
199,1148
199,1161
199,1171
199,1173
199,1176
199,1208
199,1265
199,1289
199,1305
199,1402
199,1451
199,1519
199,1550
199,1566
199,1577
199,1588
199,1684
199,1717
199,1783
199,1802
199,1812
199,1816
199,1823
199,1844
199,1861
199,1877
199,1914
199,1924
199,1926
199,1982
199,2053
199,2064
199,2068
199,2072
199,2109
199,2122
199,2124
199,2125
199,2161
199,2173
199,2196
199,2205
199,2209
199,2224
199,2235
199,2236
199,2255
199,2258
199,2278
199,2312
199,2327
199,2357
199,2364
199,2367
199,2370
199,2381
199,2430
199,2456
199,2463
199,2488
199,2515
199,2519
199,2521
199,2526
199,2530
199,2537
199,2546
199,2552
199,2564
199,2567
199,2579
199,2592
199,2610
199,2611
199,2618
199,2621
199,2626
199,2652
199,2664
199,2689
199,2700
199,2717
199,2718
200,249
200,307
200,323
200,544
200,1684
204,32
204,249
204,544
204,1462
206,9
206,23
206,40
206,63
206,107
206,137
206,157
206,206
206,214
206,250
206,344
206,345
206,411
206,517
206,606
206,632
206,655
206,690
206,698
206,757
206,990
206,1192
206,1237
206,1688
206,1754
206,1945
206,1987
206,2048
206,2106
206,2406
209,9
209,38
209,41
209,51
209,57
209,63
209,65
209,66
209,103
209,104
209,122
209,128
209,134
209,135
209,150
209,158
209,173
209,199
209,209
209,244
209,254
209,262
209,287
209,325
209,336
209,347
209,397
209,412
209,473
209,533
209,565
209,572
209,614
209,637
209,642
209,695
209,721
209,724
209,742
209,822
209,829
209,869
209,885
209,914
209,939
209,985
209,990
209,1072
209,1245
209,1265
209,1332
209,1407
209,1497
209,1647
209,1687
209,1849
209,1967
209,1990
209,2095
209,2107
209,2115
209,2144
209,2169
209,2186
209,2254
209,2264
209,2410
209,2446
209,2490
209,2568
209,2636
209,2638
209,2674
209,2675
209,2676
209,2690
209,2697
214,405
215,215
215,249
215,270
215,382
215,527
215,529
215,555
215,647
215,795
215,1236
215,1479
215,1630
215,1965
215,2012
215,2351
216,551
221,8
221,32
221,215
221,221
221,571
221,647
221,1269
221,1371
223,100
223,212
223,223
223,271
223,1607
224,1
224,7
224,20
224,66
224,149
224,158
224,224
224,240
224,250
224,293
224,331
224,374
224,382
224,471
224,514
224,592
224,605
224,678
224,733
224,777
224,792
224,807
224,1380
224,1571
224,2644
226,7
226,9
226,13
226,15
226,27
226,34
226,54
226,57
226,61
226,62
226,63
226,66
226,72
226,79
226,87
226,90
226,97
226,103
226,104
226,105
226,109
226,116
226,117
226,125
226,128
226,134
226,150
226,158
226,173
226,191
226,207
226,213
226,216
226,217
226,224
226,225
226,226
226,238
226,248
226,250
226,251
226,261
226,266
226,271
226,281
226,283
226,286
226,287
226,300
226,301
226,322
226,327
226,330
226,331
226,339
226,343
226,350
226,352
226,355
226,359
226,360
226,365
226,374
226,375
226,384
226,395
226,399
226,405
226,406
226,407
226,412
226,414
226,423
226,436
226,437
226,457
226,463
226,467
226,489
226,514
226,515
226,528
226,531
226,535
226,536
226,538
226,555
226,556
226,557
226,558
226,560
226,561
226,569
226,570
226,610
226,615
226,617
226,619
226,628
226,632
226,639
226,656
226,657
226,659
226,661
226,669
226,674
226,678
226,696
226,698
226,700
226,721
226,723
226,735
226,741
226,776
226,778
226,790
226,795
226,801
226,812
226,819
226,821
226,850
226,866
226,867
226,870
226,875
226,886
226,908
226,930
226,952
226,955
226,963
226,975
226,980
226,984
226,987
226,1011
226,1021
226,1045
226,1061
226,1071
226,1081
226,1085
226,1092
226,1096
226,1106
226,1108
226,1111
226,1130
226,1157
226,1158
226,1160
226,1172
226,1175
226,1193
226,1196
226,1197
226,1207
226,1208
226,1212
226,1228
226,1261
226,1268
226,1283
226,1290
226,1293
226,1294
226,1300
226,1316
226,1323
226,1325
226,1328
226,1339
226,1367
226,1374
226,1381
226,1387
226,1406
226,1430
226,1442
226,1457
226,1483
226,1489
226,1501
226,1504
226,1513
226,1533
226,1580
226,1594
226,1608
226,1612
226,1619
226,1620
226,1637
226,1651
226,1659
226,1661
226,1706
226,1707
226,1708
226,1744
226,1755
226,1805
226,1824
226,1829
226,1845
226,1846
226,1852
226,1894
226,1912
226,1915
226,1929
226,1939
226,1954
226,1961
226,1989
226,2009
226,2025
226,2034
226,2045
226,2049
226,2050
226,2093
226,2101
226,2110
226,2111
226,2119
226,2140
226,2146
226,2152
226,2182
226,2208
226,2216
226,2225
226,2231
226,2250
226,2259
226,2260
226,2267
226,2275
226,2316
226,2320
226,2326
226,2331
226,2333
226,2335
226,2360
226,2365
226,2371
226,2374
226,2464
226,2495
226,2525
226,2535
226,2558
226,2561
226,2587
226,2588
226,2593
226,2658
226,2662
226,2665
229,42
229,95
229,119
229,130
229,229
229,264
229,564
229,573
229,668
229,727
229,1017
229,1069
229,1076
229,1280
229,1429
229,1561
229,1639
229,1655
229,1907
230,230
230,412
230,427
230,790
230,2623
231,1153
234,1
234,3
234,9
234,18
234,60
234,97
234,109
234,119
234,162
234,187
234,188
234,204
234,208
234,215
234,225
234,228
234,234
234,269
234,276
234,286
234,300
234,318
234,324
234,326
234,335
234,395
234,462
234,489
234,508
234,520
234,528
234,568
234,581
234,612
234,615
234,644
234,670
234,722
234,724
234,773
234,801
234,816
234,844
234,870
234,911
234,948
234,987
234,1009
234,1035
234,1041
234,1097
234,1102
234,1201
234,1214
234,1397
234,1470
234,1479
234,1490
234,1514
234,1581
234,1590
234,1606
234,1679
234,1722
234,1765
234,1809
234,1862
234,1907
234,1956
234,2011
234,2012
234,2259
234,2395
234,2401
234,2423
236,95
236,229
236,428
236,553
236,2574
236,2575
237,542
238,2346
240,840
240,1812
242,242
242,424
243,1193
246,547
246,571
246,1812
247,63
248,273
249,63
249,120
249,215
249,323
249,543
249,544
249,547
249,832
249,1044
249,1191
249,1265
249,1684
249,1686
249,1812
249,1969
249,2116
249,2632
250,250
250,1083
250,1730
251,542
253,207
259,63
259,240
267,327
267,360
267,834
267,894
268,140
268,178
268,229
268,268
268,320
268,429
268,472
268,557
268,589
268,594
268,691
268,887
268,1018
268,1035
269,18
269,378
269,415
269,693
269,708
269,1206
269,1283
269,1506
270,9
270,18
270,155
270,169
270,215
270,270
270,297
270,402
270,407
270,479
270,778
270,795
270,1015
270,1096
270,1856
272,58
272,119
272,272
272,305
272,388
272,443
272,658
272,675
272,782
272,798
272,803
272,887
272,923
274,274
274,1202
278,1
278,63
278,278
278,360
278,401
278,514
278,546
278,632
278,737
282,40
282,42
282,83
282,90
282,130
282,229
282,282
282,286
282,435
282,582
282,733
282,917
282,1156
282,1286
282,2287
282,2523
286,4
286,5
286,7
286,9
286,13
286,18
286,23
286,32
286,38
286,53
286,58
286,59
286,62
286,66
286,83
286,84
286,90
286,91
286,104
286,109
286,121
286,134
286,136
286,138
286,139
286,144
286,145
286,147
286,150
286,158
286,164
286,169
286,170
286,179
286,185
286,197
286,199
286,202
286,207
286,208
286,215
286,218
286,222
286,226
286,229
286,238
286,247
286,285
286,286
286,293
286,301
286,303
286,315
286,318
286,321
286,330
286,334
286,344
286,349
286,368
286,378
286,382
286,391
286,393
286,400
286,442
286,446
286,449
286,451
286,457
286,458
286,476
286,502
286,509
286,511
286,521
286,529
286,539
286,545
286,554
286,581
286,584
286,598
286,601
286,621
286,630
286,634
286,640
286,642
286,663
286,666
286,692
286,693
286,714
286,726
286,743
286,748
286,750
286,752
286,753
286,756
286,760
286,763
286,777
286,779
286,792
286,802
286,803
286,815
286,816
286,817
286,823
286,826
286,864
286,872
286,873
286,919
286,922
286,938
286,939
286,949
286,977
286,1009
286,1011
286,1019
286,1025
286,1034
286,1039
286,1061
286,1069
286,1083
286,1089
286,1097
286,1102
286,1107
286,1150
286,1151
286,1168
286,1189
286,1192
286,1206
286,1230
286,1251
286,1258
286,1278
286,1283
286,1291
286,1328
286,1339
286,1357
286,1364
286,1378
286,1380
286,1404
286,1470
286,1476
286,1506
286,1536
286,1562
286,1604
286,1611
286,1614
286,1622
286,1666
286,1675
286,1695
286,1698
286,1751
286,1754
286,1795
286,1796
286,1798
286,1838
286,1856
286,1874
286,1905
286,1938
286,1954
286,1960
286,1986
286,1999
286,2036
286,2105
286,2126
286,2132
286,2154
286,2156
286,2158
286,2268
286,2340
286,2351
286,2369
286,2373
286,2393
286,2396
286,2438
286,2474
286,2479
286,2489
286,2536
286,2633
286,2660
286,2661
286,2680
288,203
288,288
288,1052
296,296
296,953
296,1456
296,1753
297,1
297,3
297,9
297,13
297,14
297,18
297,20
297,23
297,36
297,42
297,46
297,55
297,58
297,59
297,63
297,66
297,69
297,78
297,81
297,83
297,91
297,97
297,100
297,102
297,104
297,109
297,119
297,131
297,139
297,140
297,143
297,149
297,152
297,155
297,158
297,159
297,169
297,177
297,180
297,182
297,184
297,190
297,192
297,198
297,202
297,205
297,207
297,208
297,211
297,214
297,215
297,223
297,224
297,229
297,239
297,240
297,251
297,263
297,270
297,277
297,281
297,293
297,297
297,299
297,304
297,313
297,317
297,321
297,329
297,330
297,342
297,344
297,348
297,350
297,357
297,361
297,369
297,376
297,380
297,382
297,400
297,402
297,405
297,412
297,416
297,423
297,431
297,439
297,449
297,452
297,453
297,456
297,457
297,461
297,465
297,466
297,467
297,468
297,488
297,493
297,494
297,505
297,514
297,542
297,554
297,579
297,592
297,597
297,600
297,602
297,609
297,615
297,631
297,654
297,658
297,663
297,707
297,709
297,712
297,713
297,718
297,724
297,732
297,733
297,743
297,748
297,754
297,755
297,759
297,760
297,765
297,778
297,779
297,780
297,787
297,789
297,796
297,807
297,813
297,861
297,891
297,901
297,904
297,913
297,918
297,936
297,955
297,957
297,969
297,972
297,979
297,1011
297,1015
297,1024
297,1057
297,1064
297,1069
297,1078
297,1082
297,1083
297,1096
297,1108
297,1130
297,1176
297,1196
297,1225
297,1234
297,1235
297,1255
297,1271
297,1286
297,1291
297,1307
297,1308
297,1315
297,1331
297,1376
297,1416
297,1425
297,1489
297,1491
297,1494
297,1503
297,1513
297,1542
297,1656
297,1661
297,1739
297,1746
297,1765
297,1808
297,1839
297,1856
297,1881
297,1944
297,1962
297,1978
297,1993
297,2020
297,2026
297,2036
297,2047
297,2076
297,2098
297,2114
297,2170
297,2232
297,2238
297,2343
297,2350
297,2353
297,2387
297,2560
297,2645
298,63
301,270
302,685
305,1
305,3
305,13
305,18
305,19
305,23
305,27
305,42
305,43
305,46
305,50
305,59
305,60
305,63
305,66
305,76
305,81
305,83
305,97
305,102
305,109
305,119
305,121
305,139
305,157
305,158
305,184
305,194
305,208
305,211
305,224
305,238
305,240
305,256
305,265
305,275
305,278
305,305
305,312
305,315
305,321
305,327
305,334
305,352
305,362
305,367
305,378
305,385
305,401
305,402
305,407
305,412
305,415
305,453
305,457
305,461
305,465
305,469
305,505
305,511
305,514
305,522
305,582
305,583
305,592
305,621
305,654
305,707
305,714
305,724
305,733
305,754
305,760
305,765
305,780
305,785
305,807
305,813
305,815
305,834
305,841
305,861
305,865
305,893
305,902
305,913
305,918
305,955
305,991
305,1012
305,1026
305,1054
305,1057
305,1080
305,1207
305,1287
305,1441
305,1485
305,1553
305,1625
305,1656
305,1668
305,1737
305,1790
305,1851
305,1869
305,1880
305,1949
305,1952
305,1979
305,2013
305,2204
305,2322
305,2336
305,2362
305,2407
305,2470
305,2714
305,2720
307,120
307,200
310,63
310,73
310,89
310,113
310,121
310,194
310,212
310,229
310,271
310,273
310,299
310,301
310,338
310,388
310,422
310,425
310,516
310,520
310,584
310,647
310,663
310,664
310,679
310,1053
310,1143
310,1156
310,1178
310,1416
310,1559
310,1596
310,1815
310,1995
316,1
316,3
316,90
316,97
316,235
316,316
316,402
316,412
316,415
316,465
316,479
316,503
316,530
316,615
316,625
316,831
316,991
316,1377
316,1404
318,69
318,146
318,158
318,318
318,343
318,396
318,573
318,577
318,723
318,916
318,982
318,1164
318,1286
318,1652
320,1
320,9
320,14
320,18
320,29
320,42
320,43
320,44
320,48
320,63
320,83
320,90
320,91
320,99
320,102
320,106
320,109
320,113
320,119
320,141
320,159
320,162
320,168
320,178
320,188
320,196
320,204
320,208
320,231
320,240
320,241
320,269
320,276
320,280
320,299
320,306
320,320
320,326
320,334
320,344
320,374
320,378
320,394
320,401
320,402
320,424
320,433
320,437
320,444
320,446
320,475
320,488
320,494
320,514
320,516
320,535
320,581
320,612
320,639
320,688
320,709
320,733
320,756
320,816
320,844
320,887
320,929
320,940
320,959
320,1005
320,1030
320,1036
320,1083
320,1088
320,1122
320,1170
320,1309
320,1345
320,1350
320,1382
320,1410
320,1479
320,1514
320,1554
320,1558
320,1560
320,1573
320,1722
320,1734
320,1763
320,1768
320,1858
320,1862
320,1907
320,1945
320,2037
320,2103
320,2104
320,2141
320,2165
320,2167
320,2195
320,2212
320,2234
320,2237
320,2494
320,2500
320,2620
320,2669
323,63
323,120
323,200
323,249
323,323
323,544
323,932
323,1044
323,1191
323,1571
323,1760
334,360
337,251
342,63
342,89
342,241
342,271
342,334
342,342
342,347
342,419
342,528
342,736
342,817
342,961
342,1096
342,1193
342,1445
342,1995
350,733
350,1083
350,1253
353,90
353,301
353,353
353,514
353,600
353,733
354,83
354,90
354,345
354,354
354,360
354,504
354,1037
354,1709
354,1859
360,1
360,8
360,14
360,17
360,32
360,41
360,43
360,49
360,60
360,62
360,63
360,66
360,73
360,77
360,79
360,81
360,83
360,91
360,96
360,97
360,98
360,100
360,104
360,139
360,150
360,152
360,157
360,158
360,159
360,164
360,169
360,180
360,182
360,197
360,199
360,202
360,204
360,208
360,209
360,221
360,222
360,226
360,238
360,239
360,244
360,247
360,249
360,251
360,260
360,262
360,264
360,267
360,270
360,287
360,290
360,297
360,298
360,299
360,309
360,314
360,323
360,327
360,329
360,338
360,344
360,347
360,350
360,351
360,356
360,360
360,366
360,369
360,372
360,382
360,389
360,393
360,402
360,405
360,409
360,412
360,415
360,416
360,431
360,434
360,436
360,439
360,440
360,447
360,458
360,462
360,467
360,473
360,479
360,496
360,503
360,505
360,516
360,529
360,535
360,547
360,551
360,571
360,575
360,578
360,579
360,580
360,582
360,584
360,606
360,615
360,634
360,647
360,651
360,681
360,708
360,710
360,714
360,717
360,722
360,729
360,733
360,734
360,735
360,743
360,745
360,747
360,752
360,760
360,761
360,762
360,767
360,779
360,815
360,821
360,822
360,828
360,829
360,832
360,834
360,838
360,840
360,842
360,847
360,848
360,852
360,853
360,859
360,861
360,878
360,885
360,894
360,901
360,910
360,927
360,928
360,934
360,937
360,957
360,962
360,988
360,993
360,995
360,996
360,998
360,999
360,1006
360,1007
360,1008
360,1024
360,1031
360,1033
360,1037
360,1061
360,1094
360,1108
360,1142
360,1146
360,1154
360,1163
360,1171
360,1175
360,1176
360,1199
360,1205
360,1208
360,1232
360,1238
360,1247
360,1251
360,1257
360,1265
360,1282
360,1293
360,1304
360,1339
360,1341
360,1349
360,1360
360,1367
360,1387
360,1392
360,1432
360,1433
360,1435
360,1436
360,1449
360,1456
360,1477
360,1489
360,1491
360,1495
360,1501
360,1517
360,1522
360,1523
360,1530
360,1537
360,1542
360,1569
360,1593
360,1606
360,1610
360,1613
360,1617
360,1632
360,1643
360,1649
360,1657
360,1672
360,1689
360,1697
360,1703
360,1717
360,1739
360,1762
360,1800
360,1812
360,1817
360,1853
360,1860
360,1861
360,1872
360,1877
360,1895
360,1942
360,2014
360,2015
360,2064
360,2071
360,2075
360,2092
360,2110
360,2113
360,2132
360,2137
360,2191
360,2221
360,2227
360,2232
360,2239
360,2249
360,2250
360,2262
360,2269
360,2338
360,2339
360,2346
360,2352
360,2356
360,2385
360,2393
360,2400
360,2408
360,2416
360,2440
360,2460
360,2504
360,2511
360,2533
360,2553
360,2569
360,2609
360,2615
360,2643
360,2646
360,2655
360,2686
360,2694
360,2699
360,2710
361,59
361,155
361,231
363,363
363,484
363,493
365,1265
365,2134
371,239
371,371
372,752
374,374
375,249
375,251
376,834
377,16
377,90
377,119
377,377
381,158
381,381
381,382
381,431
381,632
381,776
382,522
387,387
387,443
387,1362
388,1462
388,2022
388,2471
389,1
389,10
389,13
389,16
389,21
389,32
389,40
389,42
389,60
389,61
389,75
389,83
389,90
389,106
389,134
389,141
389,142
389,148
389,157
389,159
389,169
389,204
389,207
389,209
389,223
389,247
389,260
389,268
389,272
389,318
389,320
389,324
389,343
389,365
389,376
389,389
389,405
389,423
389,431
389,436
389,439
389,444
389,445
389,446
389,479
389,481
389,502
389,513
389,529
389,555
389,568
389,583
389,618
389,632
389,651
389,691
389,755
389,757
389,803
389,834
389,839
389,916
389,930
389,950
389,954
389,998
389,1035
389,1036
389,1040
389,1065
389,1075
389,1085
389,1169
389,1175
389,1186
389,1211
389,1254
389,1361
389,1429
389,1438
389,1464
389,1465
389,1472
389,1493
389,1538
389,1589
389,1880
389,1891
389,1899
389,2043
389,2086
389,2190
389,2198
389,2219
389,2286
389,2437
389,2439
389,2475
397,209
400,270
401,278
404,1
404,14
404,63
404,81
404,97
404,119
404,128
404,139
404,180
404,321
404,329
404,405
404,412
404,446
404,555
404,651
404,754
404,995
404,1143
404,1254
404,1279
404,1592
404,1921
404,2692
405,13
405,405
405,1459
407,158
407,214
407,250
407,331
407,407
407,678
408,21
408,408
408,1777
411,747
413,514
415,415
415,567
419,5
419,419
419,1168
419,1264
419,1387
419,1615
419,2172
423,159
426,192
428,476
429,178
429,229
429,429
438,324
438,415
438,438
438,696
438,986
440,199
440,1006
446,90
446,389
446,915
449,99
449,270
449,382
449,449
449,466
449,491
449,977
449,2012
453,807
453,835
453,935
453,1093
453,1201
453,1283
458,268
458,476
460,13
460,42
460,63
460,90
460,155
460,205
460,329
460,382
460,460
460,1434
460,2097
466,63
466,65
466,246
466,249
466,307
466,389
466,466
466,850
466,885
466,1044
466,1412
466,2310
469,281
472,1
472,9
472,10
472,21
472,42
472,90
472,117
472,119
472,127
472,149
472,225
472,229
472,293
472,302
472,305
472,306
472,308
472,320
472,343
472,358
472,387
472,389
472,393
472,396
472,400
472,428
472,472
472,487
472,528
472,589
472,600
472,644
472,646
472,651
472,658
472,662
472,664
472,683
472,704
472,705
472,706
472,711
472,744
472,899
472,919
472,1035
472,1055
472,1077
472,1085
472,1095
472,1105
472,1113
472,1114
472,1152
472,1156
472,1162
472,1209
472,1353
472,1362
472,1370
472,1377
472,1465
472,1468
472,1502
472,1524
472,1554
472,1570
472,1587
472,1669
472,1742
472,1862
472,1892
472,1898
472,1919
472,1948
472,2083
472,2168
472,2206
472,2233
472,2296
472,2328
472,2493
472,2574
472,2599
483,215
483,449
484,305
484,316
484,484
484,1388
488,234
488,488
491,169
491,297
491,402
491,491
491,795
494,48
494,64
494,117
494,155
494,305
494,340
494,388
494,424
494,425
494,448
494,636
494,700
494,738
494,756
494,770
494,1053
494,1172
494,1221
494,1979
494,2047
494,2090
494,2573
498,498
500,1
500,3
500,6
500,9
500,10
500,18
500,19
500,35
500,43
500,48
500,50
500,56
500,62
500,63
500,64
500,80
500,81
500,83
500,91
500,95
500,100
500,102
500,105
500,106
500,109
500,119
500,122
500,141
500,162
500,164
500,165
500,178
500,184
500,188
500,192
500,201
500,203
500,204
500,206
500,208
500,212
500,215
500,220
500,225
500,228
500,269
500,271
500,276
500,280
500,283
500,286
500,289
500,300
500,302
500,306
500,313
500,324
500,326
500,331
500,334
500,335
500,338
500,346
500,354
500,374
500,380
500,386
500,388
500,394
500,395
500,410
500,417
500,424
500,433
500,448
500,454
500,458
500,475
500,478
500,479
500,481
500,486
500,488
500,489
500,494
500,497
500,500
500,503
500,508
500,513
500,516
500,520
500,527
500,528
500,534
500,538
500,581
500,584
500,594
500,596
500,602
500,603
500,612
500,615
500,624
500,633
500,641
500,645
500,649
500,650
500,659
500,670
500,696
500,701
500,705
500,706
500,708
500,709
500,715
500,720
500,724
500,730
500,731
500,735
500,737
500,754
500,760
500,776
500,801
500,803
500,805
500,816
500,827
500,830
500,841
500,843
500,870
500,892
500,904
500,906
500,911
500,966
500,981
500,984
500,987
500,995
500,1003
500,1009
500,1023
500,1025
500,1030
500,1032
500,1035
500,1049
500,1057
500,1071
500,1102
500,1104
500,1107
500,1108
500,1134
500,1144
500,1145
500,1156
500,1157
500,1165
500,1175
500,1179
500,1195
500,1201
500,1204
500,1210
500,1214
500,1215
500,1222
500,1231
500,1233
500,1234
500,1235
500,1253
500,1283
500,1299
500,1301
500,1302
500,1322
500,1327
500,1352
500,1368
500,1375
500,1383
500,1397
500,1398
500,1401
500,1430
500,1479
500,1498
500,1503
500,1514
500,1520
500,1524
500,1540
500,1543
500,1551
500,1560
500,1573
500,1578
500,1580
500,1581
500,1590
500,1597
500,1633
500,1650
500,1679
500,1692
500,1702
500,1713
500,1715
500,1722
500,1725
500,1734
500,1744
500,1754
500,1765
500,1769
500,1821
500,1840
500,1855
500,1862
500,1864
500,1867
500,1870
500,1880
500,1888
500,1893
500,1910
500,1920
500,1922
500,1951
500,1954
500,1998
500,2007
500,2011
500,2025
500,2027
500,2031
500,2040
500,2087
500,2131
500,2171
500,2181
500,2199
500,2237
500,2243
500,2245
500,2248
500,2270
500,2306
500,2344
500,2358
500,2372
500,2426
500,2431
500,2432
500,2445
500,2453
500,2476
500,2483
500,2494
500,2616
500,2620
500,2624
500,2640
500,2669
500,2672
500,2683
500,2698
502,23
502,68
502,88
502,122
502,221
502,326
502,389
502,502
502,714
502,817
502,851
502,1059
502,1443
502,1449
502,1487
502,1812
502,1960
510,510
510,1391
513,192
514,2149
515,250
517,632
517,850
517,1751
518,2
518,258
518,292
518,518
518,1465
518,2661
522,345
522,382
522,436
522,817
522,2602
523,1
523,9
523,18
523,25
523,32
523,90
523,104
523,106
523,109
523,149
523,157
523,162
523,169
523,188
523,206
523,230
523,250
523,266
523,269
523,286
523,301
523,306
523,320
523,433
523,459
523,489
523,500
523,516
523,523
523,525
523,542
523,554
523,562
523,679
523,816
523,911
523,940
523,957
523,1042
523,1224
523,1479
523,1514
523,1529
523,1633
523,1814
523,1882
523,1913
523,1945
523,2193
523,2628
523,2713
524,42
524,100
524,155
524,212
524,223
524,241
524,263
524,389
524,405
524,453
524,476
524,524
524,555
524,580
524,584
524,1043
524,1108
524,1807
524,1985
524,1995
524,2129
524,2509
525,685
529,32
529,68
529,167
529,215
529,221
529,389
529,500
529,529
529,848
529,851
529,874
529,1443
529,1487
535,1083
537,401
537,421
537,537
537,1957
539,44
539,63
539,190
539,305
539,316
539,404
539,539
539,628
541,1085
542,27
542,78
542,190
542,208
542,214
542,237
542,251
542,327
542,465
542,503
542,542
542,1073
542,1344
542,2271
543,249
543,1627
544,200
544,249
544,323
544,932
544,1684
544,1981
545,545
545,733
545,863
545,982
545,2391
545,2419
547,120
547,246
547,571
548,1192
552,2024
554,139
554,522
555,81
555,189
555,207
557,638
571,246
571,249
571,323
571,547
571,1812
571,2290
573,46
573,130
573,141
573,229
573,573
573,589
573,804
573,2570
574,574
574,733
577,146
577,318
577,443
577,573
577,577
577,646
577,658
577,803
577,1113
577,1218
577,1354
579,1
579,9
579,13
579,18
579,63
579,136
579,149
579,241
579,378
579,382
579,415
579,480
579,579
579,598
579,666
579,693
579,726
579,732
579,757
579,968
579,1068
579,1107
579,1110
579,1206
579,1506
579,1641
579,1779
579,1832
579,2478
579,2525
580,157
580,580
580,978
580,991
580,1356
581,1
581,90
581,180
581,229
581,261
581,286
581,362
581,405
581,419
581,452
581,478
581,504
581,522
581,548
581,555
581,581
581,656
581,664
581,735
581,813
581,835
581,977
581,1026
581,1096
581,1206
581,1290
581,1343
581,1657
581,1748
581,2098
581,2201
581,2238
583,83
584,229
586,32
586,586
586,1272
586,1536
589,130
589,286
589,343
589,589
589,760
589,1462
589,2149
589,2578
590,590
599,328
599,599
599,740
599,1484
599,1920
599,2422
600,1
600,7
600,13
600,18
600,20
600,46
600,63
600,144
600,149
600,158
600,170
600,179
600,207
600,240
600,241
600,250
600,278
600,293
600,304
600,327
600,331
600,342
600,346
600,369
600,378
600,382
600,401
600,420
600,431
600,465
600,471
600,581
600,600
600,632
600,663
600,678
600,708
600,726
600,733
600,861
600,929
600,957
600,1107
600,1130
600,1567
600,1795
600,1815
600,1825
600,1875
600,1960
603,1375
603,1452
611,9
611,301
611,611
626,35
626,312
626,514
626,626
626,675
626,950
626,1149
626,1260
628,1
628,3
628,9
628,32
628,63
628,90
628,97
628,119
628,128
628,138
628,139
628,184
628,190
628,233
628,240
628,293
628,321
628,368
628,405
628,411
628,412
628,415
628,446
628,465
628,469
628,514
628,522
628,555
628,579
628,592
628,597
628,651
628,733
628,759
628,780
628,831
628,845
628,911
628,991
628,995
628,1130
628,1143
628,1254
628,1279
628,1287
628,1417
628,1553
628,1585
628,1592
628,2324
630,1491
632,1462
633,1972
637,2006
638,638
638,1085
639,90
639,301
639,302
639,1258
639,1527
640,141
640,640
641,514
641,629
641,641
641,2318
645,203
645,271
645,286
645,433
645,532
645,588
645,645
645,647
645,1030
645,1227
650,1425
650,2273
651,376
671,671
671,1437
685,758
691,1
691,61
691,159
691,268
691,431
691,444
691,445
691,454
691,622
691,691
691,1035
691,1156
691,1169
691,1211
691,1260
691,1429
691,1538
692,13
692,23
692,43
692,90
692,126
692,136
692,137
692,157
692,206
692,250
692,253
692,293
692,345
692,473
692,517
692,632
692,655
692,690
692,698
692,1083
692,1511
692,1637
692,1688
692,1792
692,1820
692,2126
692,2406
697,13
697,18
697,23
697,66
697,90
697,91
697,134
697,138
697,158
697,161
697,169
697,170
697,185
697,202
697,207
697,240
697,315
697,378
697,382
697,388
697,391
697,449
697,502
697,511
697,529
697,601
697,663
697,681
697,692
697,714
697,743
697,748
697,750
697,753
697,816
697,823
697,1039
697,1357
697,1404
697,1674
697,1751
697,1966
697,2105
697,2141
697,2156
697,2238
697,2242
697,2517
697,2589
697,2642
703,100
703,215
703,263
703,270
703,326
703,580
703,703
703,2039
707,1856
714,286
719,719
721,837
725,105
725,222
725,1220
728,273
728,728
728,989
728,1085
728,1496
732,732
733,733
734,562
734,1868
734,1959
737,1760
738,9
738,153
738,738
738,756
738,806
738,1211
739,1
739,10
739,105
739,114
739,117
739,119
739,127
739,142
739,148
739,192
739,234
739,318
739,396
739,412
739,443
739,500
739,591
739,629
739,632
739,652
739,675
739,716
739,723
739,739
739,758
739,803
739,875
739,906
739,907
739,922
739,1141
739,1194
739,1286
739,1373
739,1721
739,1948
739,2027
742,3
742,4
742,38
742,51
742,55
742,57
742,63
742,65
742,66
742,82
742,91
742,94
742,104
742,107
742,115
742,122
742,123
742,128
742,134
742,135
742,149
742,150
742,158
742,168
742,173
742,199
742,207
742,216
742,231
742,247
742,250
742,254
742,262
742,287
742,298
742,301
742,323
742,325
742,336
742,347
742,350
742,389
742,397
742,436
742,441
742,473
742,485
742,487
742,511
742,533
742,552
742,565
742,596
742,600
742,642
742,644
742,692
742,695
742,721
742,724
742,742
742,757
742,789
742,790
742,815
742,869
742,885
742,910
742,932
742,939
742,945
742,985
742,998
742,1072
742,1074
742,1116
742,1161
742,1245
742,1332
742,1339
742,1358
742,1422
742,1444
742,1458
742,1471
742,1486
742,1497
742,1503
742,1510
742,1527
742,1579
742,1585
742,1620
742,1623
742,1642
742,1741
742,1787
742,1826
742,1890
742,1909
742,1936
742,1967
742,1976
742,2044
742,2108
742,2112
742,2120
742,2144
742,2170
742,2222
742,2283
742,2313
742,2413
742,2428
742,2435
742,2451
742,2459
742,2469
742,2481
742,2486
742,2582
742,2607
742,2653
742,2688
747,207
747,411
747,754
747,1624
747,2716
749,1206
749,1973
749,2399
750,750
750,1732
753,62
753,753
753,1905
755,16
755,58
755,69
755,83
755,146
755,170
755,207
755,215
755,236
755,293
755,297
755,367
755,435
755,514
755,733
755,755
755,795
755,806
755,815
755,917
755,1011
755,1070
755,1140
755,1286
755,1362
755,1481
755,1545
755,1990
755,2663
758,117
758,229
758,758
758,816
758,908
758,917
758,943
758,1141
758,1280
758,1377
758,1742
760,733
769,41
769,59
769,60
769,63
769,231
769,239
769,351
769,769
769,955
769,1014
769,1015
769,1063
769,1341
769,1396
769,1450
771,1044
771,2539
772,835
772,935
772,1201
772,1247
775,1450
780,1585
791,1
791,238
791,412
791,791
791,1061
791,1168
791,2155
793,415
793,2011
793,2021
794,1
794,83
794,205
794,215
794,216
794,294
794,412
794,520
794,714
794,794
794,959
794,1157
794,1423
794,1900
794,2577
795,1
795,3
795,7
795,9
795,13
795,14
795,18
795,20
795,23
795,36
795,42
795,46
795,55
795,58
795,59
795,63
795,65
795,66
795,69
795,78
795,81
795,83
795,91
795,97
795,100
795,102
795,104
795,109
795,112
795,121
795,131
795,139
795,140
795,143
795,149
795,151
795,152
795,154
795,155
795,158
795,159
795,164
795,169
795,177
795,180
795,182
795,184
795,190
795,192
795,198
795,202
795,205
795,207
795,208
795,214
795,215
795,216
795,223
795,224
795,226
795,229
795,231
795,239
795,240
795,243
795,250
795,251
795,264
795,267
795,270
795,277
795,278
795,281
795,286
795,290
795,293
795,299
795,304
795,313
795,317
795,321
795,334
795,335
795,342
795,344
795,348
795,350
795,351
795,357
795,361
795,362
795,369
795,376
795,382
795,393
795,400
795,401
795,402
795,403
795,412
795,416
795,418
795,423
795,431
795,439
795,449
795,452
795,453
795,456
795,457
795,461
795,465
795,466
795,467
795,468
795,483
795,493
795,500
795,501
795,505
795,512
795,514
795,538
795,542
795,543
795,554
795,555
795,566
795,579
795,582
795,587
795,592
795,597
795,600
795,609
795,615
795,631
795,663
795,672
795,707
795,709
795,712
795,713
795,714
795,718
795,724
795,729
795,732
795,733
795,743
795,745
795,748
795,759
795,760
795,761
795,766
795,772
795,776
795,778
795,787
795,795
795,796
795,807
795,810
795,813
795,822
795,861
795,867
795,882
795,889
795,891
795,901
795,904
795,916
795,918
795,955
795,957
795,962
795,969
795,972
795,979
795,984
795,991
795,997
795,1007
795,1011
795,1014
795,1015
795,1024
795,1033
795,1047
795,1057
795,1064
795,1078
795,1082
795,1083
795,1096
795,1108
795,1112
795,1148
795,1165
795,1176
795,1186
795,1196
795,1199
795,1205
795,1209
795,1224
795,1225
795,1234
795,1240
795,1249
795,1250
795,1255
795,1262
795,1271
795,1282
795,1286
795,1291
795,1295
795,1307
795,1315
795,1331
795,1333
795,1343
795,1356
795,1363
795,1377
795,1384
795,1414
795,1417
795,1441
795,1464
795,1470
795,1489
795,1494
795,1503
795,1513
795,1519
795,1542
795,1553
795,1565
795,1606
795,1656
795,1665
795,1711
795,1718
795,1727
795,1736
795,1742
795,1746
795,1757
795,1765
795,1770
795,1778
795,1801
795,1808
795,1822
795,1839
795,1881
795,1923
795,1962
795,1968
795,1974
795,1978
795,1987
795,2014
795,2020
795,2026
795,2032
795,2038
795,2067
795,2076
795,2101
795,2102
795,2123
795,2127
795,2130
795,2136
795,2143
795,2160
795,2170
795,2185
795,2190
795,2192
795,2232
795,2238
795,2241
795,2253
795,2284
795,2288
795,2299
795,2309
795,2332
795,2337
795,2343
795,2345
795,2347
795,2350
795,2361
795,2377
795,2380
795,2415
795,2477
795,2532
795,2536
795,2545
795,2549
795,2565
795,2567
795,2580
795,2596
795,2614
795,2650
795,2667
795,2685
795,2711
795,2715
795,2719
795,2722
797,436
798,377
800,106
800,378
800,427
800,433
800,622
800,1267
802,63
808,440
808,885
817,81
817,950
817,1649
821,9
821,63
821,90
821,128
821,150
821,213
821,216
821,322
821,359
821,489
821,723
821,821
821,952
821,1212
821,1421
821,1929
821,2138
821,2330
825,825
827,59
827,99
827,155
827,231
827,399
827,757
827,1226
827,1676
832,249
832,1371
839,63
839,76
839,90
839,152
839,158
839,207
839,251
839,431
839,464
839,535
839,678
839,757
839,839
839,1284
839,1387
839,1405
839,1453
839,1553
839,1601
839,1690
839,2279
839,2375
850,286
850,1096
850,1374
850,2086
860,5
860,59
860,206
860,256
860,284
860,427
860,473
860,483
860,530
860,860
860,959
860,1216
865,484
865,592
865,865
865,1216
871,88
871,586
871,588
871,871
874,286
881,99
881,241
881,261
881,881
881,1553
893,60
894,240
894,286
894,405
894,632
894,1449
894,1821
896,8
896,32
896,35
896,66
896,90
896,128
896,157
896,200
896,216
896,302
896,307
896,452
896,639
896,680
896,896
896,1534
896,1629
896,1769
897,897
901,1768
903,65
903,903
909,90
909,159
909,229
909,388
909,733
909,744
909,760
909,909
909,1777
909,1898
915,446
918,20
918,36
918,63
918,85
918,120
918,134
918,154
918,158
918,168
918,194
918,195
918,238
918,286
918,349
918,374
918,378
918,412
918,415
918,446
918,470
918,473
918,522
918,584
918,600
918,605
918,609
918,663
918,708
918,817
918,918
918,925
918,1016
918,1096
918,1209
918,1256
918,1281
918,1329
918,1576
918,1637
918,1642
918,1754
918,1880
918,2073
918,2087
918,2163
918,2214
918,2298
918,2378
918,2584
919,476
921,9
921,170
921,278
921,413
921,514
921,626
921,733
921,921
921,1149
921,1315
921,1712
922,844
928,82
928,103
928,850
928,877
928,1117
930,249
930,251
932,323
932,544
932,1684
940,18
940,23
940,158
940,169
940,378
940,382
940,449
940,502
940,529
940,692
940,748
940,816
940,1016
940,2028
944,158
944,284
944,358
944,471
944,584
944,676
944,735
944,826
944,833
944,898
944,944
944,959
944,1096
944,1383
944,1618
944,1698
944,1700
944,1770
944,2201
951,803
951,951
951,1465
953,17
953,129
953,579
953,590
953,733
953,1073
953,1238
953,1463
953,1530
953,1803
953,1810
956,239
960,23
960,547
962,25
962,516
963,90
964,964
967,1
967,20
967,64
967,78
967,83
967,90
967,97
967,100
967,117
967,155
967,158
967,184
967,188
967,197
967,198
967,207
967,220
967,229
967,300
967,335
967,338
967,354
967,374
967,411
967,431
967,433
967,439
967,454
967,503
967,519
967,528
967,584
967,604
967,609
967,706
967,708
967,730
967,759
967,770
967,773
967,805
967,818
967,822
967,959
967,967
967,1023
967,1025
967,1027
967,1032
967,1051
967,1064
967,1096
967,1104
967,1155
967,1192
967,1243
967,1298
967,1309
967,1334
967,1396
967,1427
967,1556
967,1600
967,1698
967,1700
967,1720
967,1770
967,1998
967,2018
967,2281
967,2457
967,2631
967,2657
967,2684
967,2701
971,528
971,627
971,971
971,1046
971,2211
971,2450
976,660
977,476
977,484
977,539
977,977
977,1168
977,1445
980,1096
981,179
982,2677
985,4
985,54
985,55
985,63
985,65
985,123
985,149
985,239
985,262
985,286
985,321
985,332
985,374
985,397
985,403
985,405
985,411
985,441
985,517
985,584
985,644
985,695
985,697
985,850
985,866
985,869
985,939
985,985
985,1026
985,1161
985,1261
985,1332
985,1463
985,1528
985,1553
985,1766
985,2225
985,2295
985,2386
985,2466
985,2572
985,2608
987,190
989,119
989,600
989,989
991,20
991,23
991,63
991,378
991,415
991,807
991,1185
991,1773
991,2033
991,2412
991,2509
1000,141
1001,1001
1005,755
1011,13
1011,25
1011,42
1011,90
1011,97
1011,120
1011,159
1011,194
1011,197
1011,205
1011,212
1011,215
1011,216
1011,223
1011,240
1011,263
1011,270
1011,286
1011,294
1011,382
1011,390
1011,391
1011,433
1011,449
1011,464
1011,476
1011,507
1011,584
1011,612
1011,645
1011,650
1011,714
1011,853
1011,1011
1011,1076
1011,1121
1011,1181
1011,1211
1011,1286
1011,1346
1011,1366
1011,1393
1011,1423
1011,1560
1011,1583
1011,1693
1011,1749
1011,1985
1011,2157
1011,2162
1011,2357
1011,2443
1011,2668
1012,134
1012,194
1012,382
1012,760
1012,1012
1012,2179
1016,1626
1018,63
1018,117
1018,131
1018,244
1018,295
1018,424
1018,452
1018,632
1018,756
1018,1018
1018,1053
1018,1088
1018,1747
1018,1984
1024,249
1029,13
1029,137
1029,165
1029,206
1029,232
1029,250
1029,286
1029,411
1029,473
1029,632
1029,863
1029,1029
1029,1237
1029,1349
1029,1549
1029,1677
1029,2048
1029,2376
1033,1033
1035,9
1035,758
1035,1085
1041,213
1041,1041
1041,1335
1042,1
1042,156
1042,205
1042,284
1042,427
1042,525
1042,959
1042,1042
1042,1125
1042,1337
1042,1377
1042,1385
1042,1390
1042,1419
1042,1994
1044,249
1044,323
1044,771
1050,405
1050,1050
1057,2091
1060,1060
1061,360
1061,850
1061,1061
1061,1291
1063,239
1065,608
1066,117
1066,424
1066,452
1066,458
1066,632
1066,738
1066,756
1066,1066
1066,1088
1066,2557
1067,1067
1069,650
1069,906
1069,1057
1069,2040
1072,209
1073,1
1073,23
1073,45
1073,53
1073,84
1073,91
1073,134
1073,158
1073,206
1073,207
1073,321
1073,363
1073,376
1073,449
1073,504
1073,539
1073,581
1073,598
1073,632
1073,634
1073,692
1073,795
1073,1073
1073,1206
1073,1278
1073,1329
1073,1380
1073,1503
1073,1841
1073,1875
1073,2074
1073,2520
1073,2666
1074,484
1074,529
1074,1042
1074,1848
1083,63
1083,90
1083,158
1083,181
1083,250
1083,301
1083,411
1083,413
1083,514
1083,526
1083,600
1083,879
1083,891
1083,1083
1083,2065
1083,2314
1085,1056
1085,1085
1085,2389
1104,476
1106,249
1106,250
1106,251
1106,1410
1106,1628
1109,2374
1120,43
1120,119
1120,475
1120,514
1120,646
1120,754
1120,921
1120,1120
1120,1286
1124,1124
1126,369
1126,1126
1138,2074
1146,483
1146,1146
1146,1167
1147,247
1150,66
1150,120
1150,154
1150,158
1150,199
1150,244
1150,270
1150,286
1150,360
1150,388
1150,389
1150,425
1150,484
1150,491
1150,1053
1150,1108
1150,1150
1150,1216
1150,1445
1150,1820
1158,319
1158,1158
1158,1326
1158,1626
1168,1
1168,23
1168,32
1168,60
1168,63
1168,83
1168,91
1168,105
1168,136
1168,149
1168,156
1168,160
1168,198
1168,204
1168,207
1168,215
1168,216
1168,263
1168,265
1168,299
1168,315
1168,326
1168,354
1168,369
1168,415
1168,427
1168,449
1168,464
1168,481
1168,505
1168,558
1168,635
1168,642
1168,665
1168,714
1168,715
1168,739
1168,768
1168,784
1168,809
1168,810
1168,816
1168,896
1168,950
1168,959
1168,974
1168,1023
1168,1107
1168,1130
1168,1146
1168,1168
1168,1187
1168,1292
1168,1313
1168,1402
1168,1437
1168,1463
1168,1476
1168,1515
1168,1654
1168,1728
1168,1746
1168,1754
1168,1762
1168,1847
1168,2063
1168,2141
1168,2145
1168,2162
1168,2170
1168,2188
1168,2497
1168,2708
1174,9
1174,99
1174,113
1174,121
1174,212
1174,244
1174,364
1174,388
1174,425
1174,433
1174,516
1174,584
1174,647
1174,651
1174,664
1174,788
1174,816
1174,899
1174,1030
1174,1053
1174,1114
1174,1174
1174,1512
1174,1607
1174,1729
1182,1182
1183,1183
1190,168
1190,334
1190,752
1190,838
1190,1291
1191,249
1191,466
1191,544
1191,932
1191,1527
1191,1684
1191,1760
1191,1812
1192,548
1195,64
1195,69
1195,105
1195,158
1195,184
1195,198
1195,220
1195,326
1195,374
1195,378
1195,382
1195,383
1195,433
1195,448
1195,481
1195,568
1195,647
1195,659
1195,888
1195,984
1195,1011
1195,1126
1195,1178
1195,1188
1195,1195
1195,1233
1195,1241
1195,1270
1195,1383
1195,1425
1195,1490
1195,1544
1195,1597
1195,1681
1195,1745
1195,1797
1195,1904
1195,2084
1195,2128
1195,2217
1195,2297
1195,2317
1195,2329
1195,2390
1195,2721
1200,1761
1201,66
1201,252
1201,1201
1203,837
1211,229
1216,305
1216,316
1216,367
1216,593
1216,1012
1216,1216
1216,1388
1216,1811
1228,199
1230,442
1251,251
1258,129
1258,693
1258,1109
1258,2115
1263,13
1263,60
1263,405
1263,456
1263,678
1263,682
1263,870
1263,1263
1263,2409
1264,97
1264,158
1264,194
1264,250
1264,284
1264,959
1264,967
1264,1083
1264,1264
1264,1998
1264,2016
1264,2158
1265,249
1272,1058
1273,9
1274,173
1274,1274
1274,1311
1274,1466
1276,231
1276,1276
1276,1781
1278,286
1282,209
1286,13
1288,1
1288,17
1288,159
1288,230
1288,269
1288,310
1288,324
1288,382
1288,388
1288,525
1288,545
1288,816
1288,934
1288,1042
1288,1110
1288,1355
1288,1503
1288,1827
1288,2041
1288,2628
1290,35
1291,3
1291,13
1291,14
1291,17
1291,26
1291,28
1291,31
1291,36
1291,38
1291,43
1291,52
1291,54
1291,55
1291,57
1291,59
1291,60
1291,63
1291,69
1291,82
1291,92
1291,97
1291,98
1291,100
1291,103
1291,111
1291,124
1291,129
1291,143
1291,150
1291,151
1291,152
1291,155
1291,156
1291,159
1291,180
1291,193
1291,199
1291,200
1291,204
1291,207
1291,218
1291,222
1291,227
1291,239
1291,244
1291,251
1291,255
1291,260
1291,262
1291,281
1291,290
1291,291
1291,298
1291,299
1291,304
1291,334
1291,337
1291,344
1291,347
1291,351
1291,357
1291,372
1291,392
1291,412
1291,417
1291,431
1291,432
1291,436
1291,440
1291,456
1291,466
1291,477
1291,479
1291,485
1291,490
1291,492
1291,494
1291,497
1291,503
1291,513
1291,516
1291,520
1291,533
1291,535
1291,559
1291,563
1291,565
1291,567
1291,572
1291,575
1291,578
1291,584
1291,595
1291,617
1291,623
1291,674
1291,677
1291,694
1291,707
1291,714
1291,717
1291,752
1291,757
1291,762
1291,765
1291,767
1291,769
1291,785
1291,789
1291,814
1291,815
1291,824
1291,828
1291,842
1291,856
1291,859
1291,876
1291,883
1291,885
1291,890
1291,900
1291,923
1291,924
1291,928
1291,937
1291,947
1291,958
1291,962
1291,966
1291,988
1291,999
1291,1006
1291,1007
1291,1020
1291,1033
1291,1038
1291,1048
1291,1061
1291,1097
1291,1099
1291,1108
1291,1109
1291,1111
1291,1129
1291,1130
1291,1131
1291,1142
1291,1152
1291,1154
1291,1159
1291,1161
1291,1166
1291,1176
1291,1198
1291,1208
1291,1219
1291,1225
1291,1238
1291,1253
1291,1257
1291,1258
1291,1266
1291,1291
1291,1292
1291,1295
1291,1305
1291,1318
1291,1333
1291,1341
1291,1379
1291,1426
1291,1432
1291,1433
1291,1436
1291,1449
1291,1463
1291,1464
1291,1477
1291,1495
1291,1509
1291,1523
1291,1537
1291,1547
1291,1557
1291,1568
1291,1574
1291,1579
1291,1583
1291,1584
1291,1591
1291,1593
1291,1595
1291,1603
1291,1627
1291,1634
1291,1636
1291,1643
1291,1703
1291,1704
1291,1714
1291,1738
1291,1741
1291,1748
1291,1762
1291,1767
1291,1771
1291,1774
1291,1778
1291,1780
1291,1787
1291,1799
1291,1800
1291,1806
1291,1819
1291,1833
1291,1853
1291,1866
1291,1872
1291,1879
1291,1901
1291,1903
1291,1906
1291,1925
1291,1931
1291,1935
1291,1940
1291,1947
1291,1949
1291,1957
1291,1965
1291,1975
1291,1981
1291,1991
1291,2001
1291,2014
1291,2030
1291,2042
1291,2046
1291,2056
1291,2060
1291,2064
1291,2071
1291,2082
1291,2088
1291,2089
1291,2112
1291,2150
1291,2155
1291,2183
1291,2189
1291,2210
1291,2229
1291,2246
1291,2253
1291,2265
1291,2282
1291,2315
1291,2321
1291,2349
1291,2355
1291,2364
1291,2366
1291,2385
1291,2408
1291,2418
1291,2420
1291,2425
1291,2440
1291,2447
1291,2454
1291,2462
1291,2485
1291,2505
1291,2511
1291,2514
1291,2516
1291,2519
1291,2542
1291,2595
1291,2605
1291,2606
1291,2619
1291,2627
1291,2639
1291,2673
1291,2704
1306,221
1311,1311
1311,1346
1311,1999
1313,369
1313,1168
1313,1313
1313,1535
1313,2145
1313,2376
1313,2382
1313,2630
1314,1535
1319,1319
1319,2048
1320,1035
1320,1320
1321,1321
1323,83
1323,208
1329,12
1329,1301
1329,2078
1330,1
1330,124
1330,412
1330,1011
1330,1061
1330,1168
1330,1330
1346,270
1346,362
1346,539
1346,733
1346,1216
1346,1421
1346,1670
1347,10
1347,21
1347,87
1347,105
1347,117
1347,127
1347,142
1347,146
1347,168
1347,206
1347,207
1347,215
1347,226
1347,301
1347,318
1347,320
1347,343
1347,360
1347,389
1347,396
1347,513
1347,591
1347,629
1347,662
1347,711
1347,716
1347,739
1347,803
1347,861
1347,875
1347,887
1347,907
1347,915
1347,916
1347,1095
1347,1164
1347,1177
1347,1259
1347,1285
1347,1286
1347,1291
1347,1347
1347,1370
1347,1428
1347,1480
1347,1481
1347,1570
1347,1659
1347,1768
1347,1872
1347,1917
1347,1919
1347,1948
1347,1992
1347,2433
1347,2496
1347,2617
1359,1359
1364,139
1364,301
1364,696
1364,1731
1365,18
1365,75
1365,236
1365,343
1365,481
1365,733
1365,835
1365,1035
1365,1176
1365,1365
1365,1974
1365,2178
1366,270
1366,382
1366,2022
1367,246
1367,571
1367,873
1367,1812
1367,2559
1374,850
1376,129
1377,1139
1380,12
1380,30
1380,155
1380,1380
1380,1488
1380,1653
1382,3
1382,28
1382,63
1382,158
1382,240
1382,405
1382,565
1382,608
1382,1382
1383,1298
1384,115
1384,207
1384,253
1384,334
1384,392
1384,596
1384,883
1384,959
1384,1384
1387,2095
1388,1
1388,63
1388,97
1388,106
1388,362
1388,402
1388,415
1388,465
1388,625
1388,991
1388,1349
1388,1377
1390,375
1390,1361
1390,1390
1390,1404
1390,1726
1390,2247
1390,2576
1392,1118
1392,1392
1402,1831
1408,1059
1420,633
1420,1420
1420,2344
1420,2468
1421,1311
1425,650
1428,59
1428,60
1428,122
1428,129
1428,150
1428,244
1428,357
1428,509
1428,643
1428,707
1428,710
1428,714
1428,890
1428,990
1428,1006
1428,1253
1428,1344
1428,1449
1428,1767
1428,1962
1428,2319
1429,159
1433,1504
1437,9
1437,12
1437,91
1437,153
1437,162
1437,206
1437,382
1437,388
1437,425
1437,461
1437,647
1437,692
1437,773
1437,816
1437,864
1437,992
1437,1053
1437,1100
1437,1437
1437,1514
1437,1573
1437,1840
1437,2002
1437,2052
1437,2106
1437,2128
1437,2212
1437,2325
1445,60
1445,63
1445,109
1445,347
1445,411
1445,554
1445,678
1445,1063
1445,1572
1445,1748
1445,1790
1462,388
1465,1
1465,6
1465,27
1465,42
1465,43
1465,48
1465,53
1465,60
1465,63
1465,90
1465,97
1465,124
1465,137
1465,178
1465,189
1465,202
1465,207
1465,222
1465,229
1465,233
1465,262
1465,263
1465,270
1465,299
1465,306
1465,321
1465,354
1465,364
1465,380
1465,388
1465,404
1465,406
1465,419
1465,432
1465,455
1465,467
1465,475
1465,482
1465,555
1465,562
1465,584
1465,651
1465,664
1465,694
1465,706
1465,714
1465,725
1465,728
1465,733
1465,742
1465,752
1465,760
1465,790
1465,816
1465,864
1465,882
1465,911
1465,919
1465,958
1465,959
1465,998
1465,999
1465,1011
1465,1015
1465,1033
1465,1115
1465,1125
1465,1152
1465,1170
1465,1205
1465,1336
1465,1343
1465,1344
1465,1360
1465,1361
1465,1404
1465,1467
1465,1649
1465,1862
1465,1885
1465,2032
1465,2055
1465,2119
1465,2191
1465,2277
1465,2368
1465,2405
1465,2436
1465,2452
1465,2524
1465,2712
1466,1274
1487,1062
1487,1479
1490,901
1503,180
1503,555
1503,1312
1503,2257
1503,2413
1504,1433
1505,32
1505,42
1505,361
1505,369
1505,714
1505,733
1505,963
1505,1505
1505,1781
1505,1975
1525,249
1527,253
1536,63
1536,221
1536,647
1536,1988
1538,215
1543,1543
1552,2008
1586,113
1586,194
1586,212
1586,1053
1586,1292
1586,1586
1586,1607
1599,249
1611,286
1615,158
1615,181
1615,198
1615,207
1615,212
1615,263
1615,562
1615,673
1615,678
1615,686
1615,708
1615,959
1615,967
1615,1042
1615,1393
1615,1615
1615,1631
1615,1900
1615,1998
1623,2304
1627,543
1631,1
1631,63
1631,156
1631,284
1631,505
1631,959
1631,1138
1631,1631
1631,2177
1637,514
1637,1628
1646,1646
1650,1085
1654,299
1660,1660
1662,349
1666,748
1670,9
1670,44
1670,305
1670,404
1670,628
1670,1421
1672,836
1680,369
1680,1680
1680,1936
1684,200
1684,249
1684,544
1684,932
1684,1191
1684,1969
1686,249
1688,13
1688,23
1688,107
1688,137
1688,185
1688,232
1688,250
1688,286
1688,395
1688,411
1688,514
1688,581
1688,632
1688,690
1688,762
1688,863
1688,965
1688,1688
1688,1882
1688,1955
1688,2218
1688,2513
1689,249
1691,117
1691,120
1691,204
1691,244
1691,295
1691,740
1691,1381
1691,1503
1691,1691
1691,2133
1691,2465
1697,1400
1701,23
1701,61
1701,63
1701,90
1701,101
1701,117
1701,128
1701,158
1701,200
1701,247
1701,248
1701,250
1701,312
1701,364
1701,440
1701,446
1701,452
1701,480
1701,515
1701,531
1701,555
1701,639
1701,656
1701,678
1701,714
1701,735
1701,773
1701,819
1701,845
1701,907
1701,975
1701,998
1701,1147
1701,1180
1701,1252
1701,1361
1701,1421
1701,1465
1701,1565
1701,1590
1701,1699
1701,1744
1701,1849
1701,2106
1701,2268
1701,2573
1718,249
1719,207
1719,229
1719,320
1719,525
1719,664
1719,1239
1719,1374
1719,1428
1719,1667
1719,1719
1748,207
1748,682
1750,2696
1753,579
1753,1339
1756,120
1756,207
1756,247
1756,460
1760,737
1761,1200
1762,1257
1765,91
1766,2118
1768,1768
1776,388
1776,588
1776,1776
1776,2200
1781,90
1785,1785
1788,1788
1789,707
1789,1789
1789,2036
1794,229
1794,268
1794,1418
1798,2695
1801,1083
1811,1
1811,19
1811,83
1811,97
1811,224
1811,238
1811,261
1811,265
1811,321
1811,369
1811,402
1811,415
1811,457
1811,465
1811,473
1811,511
1811,514
1811,625
1811,707
1811,724
1811,991
1811,1485
1811,1811
1811,2252
1811,2612
1812,11
1812,60
1812,63
1812,73
1812,88
1812,120
1812,122
1812,240
1812,246
1812,249
1812,260
1812,271
1812,284
1812,293
1812,338
1812,341
1812,346
1812,402
1812,416
1812,502
1812,525
1812,543
1812,547
1812,571
1812,576
1812,584
1812,667
1812,681
1812,742
1812,745
1812,762
1812,771
1812,781
1812,840
1812,842
1812,853
1812,878
1812,910
1812,945
1812,957
1812,959
1812,980
1812,985
1812,996
1812,1022
1812,1044
1812,1103
1812,1128
1812,1247
1812,1269
1812,1367
1812,1433
1812,1504
1812,1519
1812,1588
1812,1610
1812,1659
1812,1782
1812,1812
1812,1823
1812,1828
1812,1835
1812,1842
1812,1873
1812,1900
1812,1918
1812,1930
1812,1932
1812,1974
1812,2064
1812,2085
1812,2176
1812,2251
1812,2274
1812,2285
1812,2335
1812,2434
1812,2510
1812,2518
1812,2528
1812,2555
1812,2594
1812,2598
1812,2634
1812,2641
1812,2646
1812,2702
1812,2707
1820,126
1820,206
1820,632
1820,692
1820,1933
1830,1830
1838,840
1840,1346
1848,1
1848,356
1848,662
1854,1
1854,1854
1857,63
1857,1857
1870,63
1876,1876
1887,1887
1894,251
1901,1498
1902,117
1902,178
1902,226
1902,229
1902,875
1902,1775
1902,1902
1902,2581
1905,1
1905,8
1905,32
1905,35
1905,63
1905,90
1905,117
1905,134
1905,157
1905,189
1905,200
1905,208
1905,254
1905,307
1905,350
1905,364
1905,372
1905,531
1905,639
1905,870
1905,1061
1905,1465
1905,1629
1905,1958
1905,2000
1911,1911
1927,282
1927,1927
1933,1429
1941,23
1945,139
1945,207
1954,2279
1972,59
1973,749
1974,90
1974,440
1974,544
1974,624
1974,733
1975,168
1980,1980
1981,544
1982,207
1984,249
1987,1060
1993,1400
1996,1996
1997,360
1998,800
1999,2544
2006,1734
2029,2029
2033,215
2033,449
2034,1116
2034,1425
2040,681
2062,23
2062,134
2062,170
2062,199
2062,207
2062,230
2062,240
2062,250
2062,334
2062,377
2062,382
2062,440
2062,555
2062,596
2062,643
2062,702
2062,714
2062,748
2062,760
2062,823
2062,1088
2062,1258
2062,2062
2062,2069
2062,2383
2079,2079
2086,850
2091,1057
2099,18
2099,23
2099,487
2099,506
2099,581
2099,2074
2103,88
2110,747
2125,1248
2125,2388
2133,207
2133,1096
2140,350
2142,467
2142,1843
2142,2142
2147,29
2147,285
2147,382
2147,585
2147,1555
2147,2094
2147,2147
2147,2487
2156,401
2156,514
2156,1957
2156,2156
2170,547
2173,231
2173,2173
2173,2354
2174,150
2174,301
2174,2174
2184,63
2184,116
2184,2184
2184,2543
2192,120
2192,388
2192,425
2192,1053
2192,2192
2199,2058
2203,42
2203,166
2203,178
2203,192
2203,405
2203,472
2203,1050
2203,1085
2203,1259
2203,1347
2203,1575
2203,1719
2203,1898
2203,1902
2203,2174
2203,2203
2215,568
2215,2215
2230,20
2230,83
2230,97
2230,188
2230,197
2230,220
2230,223
2230,263
2230,300
2230,382
2230,514
2230,678
2230,730
2230,733
2230,735
2230,792
2230,959
2230,1025
2230,1032
2230,1720
2230,2217
2230,2230
2230,2292
2244,155
2244,978
2257,18
2261,731
2269,2706
2273,1793
2280,1616
2280,2211
2280,2280
2282,207
2282,360
2282,856
2339,1201
2352,251
2363,1349
2363,1862
2363,2678
2378,327
2379,800
2379,1153
2379,2379
2382,394
2392,44
2392,170
2392,305
2392,2392
2405,208
2421,2421
2423,2423
2429,2429
2441,18
2441,35
2441,106
2441,250
2441,276
2441,324
2441,486
2441,489
2441,581
2441,816
2441,1035
2441,2441
2445,18
2445,106
2445,250
2445,581
2445,787
2445,959
2445,1076
2445,2228
2471,2659
2492,776
2492,2492
2495,364
2495,1729
2503,286
2503,791
2503,1168
2503,1264
2503,1615
2503,2172
2508,2508
2509,286
2509,991
2509,2509
2512,2512
2514,251
2514,823
2514,2213
2550,60
2550,81
2550,90
2550,100
2550,129
2550,152
2550,207
2550,244
2550,250
2550,334
2550,509
2550,1006
2550,1253
2550,1449
2554,579
2554,2554
2556,733
2556,2556
2562,2562
2570,522
2573,836
2583,2603
2586,83
2586,1157
2586,2586
2603,63
2603,378
2630,1314
2632,3
2632,25
2632,63
2632,65
2632,117
2632,244
2632,249
2632,267
2632,295
2632,301
2632,350
2632,405
2632,412
2632,440
2632,522
2632,615
2632,980
2632,1381
2632,1382
2632,2133
2632,2632
2645,321
2649,86
2649,2019
2651,446
2651,1943
2651,2200
2651,2651
2683,1053
2689,612
2696,1750
2710,1425
2716,733
2716,930
2725,54
2725,61
2725,62
2725,66
2725,87
2725,90
2725,116
2725,117
2725,128
2725,213
2725,301
2725,343
2725,384
2725,406
2725,535
2725,538
2725,555
2725,558
2725,596
2725,610
2725,619
2725,656
2725,659
2725,669
2725,700
2725,735
2725,778
2725,790
2725,821
2725,930
2725,952
2725,975
2725,1085
2725,1096
2725,1106
2725,1158
2725,1193
2725,1197
2725,1294
2725,1316
2725,1374
2725,1474
2725,1489
2725,1580
2725,1620
2725,1661
2725,1708
2725,1744
2725,1755
2725,2045
2725,2260
2725,2267
2725,2316
2725,2331
2726,62
2726,112
2726,389
2727,127
2727,591
2727,711
2727,1919
2727,1948
2728,166
2728,178
2728,192
2728,806
2728,1347
2729,63
2729,176
2730,231
2731,245
2731,1127
2732,136
2732,286
2732,1034
2733,248
2734,164
2735,157
2735,264
2736,90
2736,249
2736,301
2736,760
2736,769
2736,891
2736,1291
2736,1410
2736,2301
2737,29
2737,285
2737,382
2737,816
2737,1555
2738,155
2739,97
2739,207
2739,263
2739,313
2739,383
2739,1003
2739,1664
2740,157
2740,473
2740,479
2740,1451
2740,1886
2741,378
2741,415
2741,817
2742,245
2742,1127
2743,401
2744,59
2744,231
2744,239
2744,473
2744,514
2744,1708
2745,245
2745,1127
2746,1
2746,9
2746,18
2746,162
2746,188
2746,208
2746,215
2746,225
2746,228
2746,269
2746,324
2746,326
2746,489
2746,494
2746,528
2746,581
2746,612
2746,615
2746,670
2746,730
2746,801
2746,816
2746,844
2746,850
2746,870
2746,911
2746,1102
2746,1201
2746,1214
2746,1393
2746,1479
2746,1514
2746,1679
2746,1722
2746,1810
2746,1889
2746,2011
2746,2094
2746,2164
2746,2506
2746,2554
2747,63
2747,473
2748,3
2748,13
2748,60
2748,90
2748,152
2748,389
2748,405
2748,420
2748,490
2748,505
2748,605
2748,672
2748,760
2748,769
2748,1078
2748,1101
2748,1405
2748,1508
2748,1633
2748,1671
2748,2210
2748,2540
2749,94
2749,539
2749,676
2749,707
2750,545
2751,251
2752,549
2753,207
2754,550
2755,551
2756,552
2757,555
2758,284
2759,608
2760,673
2760,850
2760,980
2761,557
2761,579
2761,915
2761,961
2762,155
2762,231
2762,895
2763,42
2763,229
2763,564
2763,727
2764,32
2764,90
2764,752
2765,749
2766,751
2766,2005
2767,32
2767,752
2768,59
2768,817
2768,1552
2769,155
2770,769
2771,48
2771,117
2771,340
2771,424
2771,770
2771,1221
2771,1979
2771,2047
2772,249
2772,323
2773,424
2773,770
2773,880
2774,1
2774,1386
2774,1602
2775,173
2775,1459
2776,88
2776,502
2776,1960
2777,248
2777,771
2777,2081
2778,21
2778,236
2778,365
2778,954
2778,1899
2779,203
2779,1052
2779,1499
2780,424
2780,448
2780,756
2780,880
2780,994
2780,2467
2781,21
2781,106
2781,134
2781,169
2781,204
2781,318
2781,324
2781,365
2781,389
2781,423
2781,436
2781,444
2781,513
2781,632
2781,887
2781,954
2781,1036
2781,1175
2781,1211
2781,1465
2781,1899
2781,2043
2781,2263
2782,18
2783,529
2784,1057
2785,208
2785,489
2786,547
2787,176
2788,90
2788,517
2788,1061
2788,1958
2789,66
2790,1083
2791,1084
2792,249
2793,1086
2794,651
2795,63
2795,65
2795,150
2795,412
2795,440
2795,473
2796,1135
2797,150
2798,1138
2798,1264
2798,2207
2799,200
2799,250
2799,452
2799,714
2800,90
2801,1130
2802,90
2803,1226
2804,249
2804,250
2804,1109
2805,28
2805,63
2805,459
2805,608
2805,1244
2806,13
2807,389
2808,1272
2809,1273
2810,950
2811,395
2812,1275
2813,641
2813,1291
2813,1680
2814,1037
2815,1310
2816,286
2816,369
2816,823
2816,1470
2817,759
2818,640
2819,149
2820,533
2821,1375
2822,249
2822,1409
2822,2539
2823,1447
2823,2096
2824,180
2825,813
2826,647
2827,489
2828,216
2829,156
2830,1458
2831,134
2831,733
2831,1496
2832,249
2833,1416
2834,1460
2835,1461
2835,2117
2836,817
2837,635
2837,784
2837,1380
2837,1488
2838,856
2839,382
2839,1526
2840,555
2841,203
2842,489
2843,63
2844,545
2844,2522
2845,207
2845,382
2846,388
2846,425
2846,1053
2847,13
2848,1421
2849,733
2849,1683
2850,1685
2851,63
2852,251
2853,1687
2854,16
2854,375
2855,1670
2856,1728
2857,1733
2858,389
2858,630
2859,270
2859,584
2860,452
2860,790
2860,1210
2860,1963
2861,1743
2862,811
2863,90
2864,1758
2865,118
2865,1759
2866,212
2866,516
2866,647
2866,1053
2867,950
2868,32
2869,1832
2870,90
2871,606
2872,118
2873,157
2873,2311
2874,901
2875,251
2876,514
2877,1884
2878,244
2879,401
2880,309
2881,1970
2881,2023
2882,632
2883,522
2883,2133
2884,1973
2885,90
2885,998
2886,212
2887,1336
2888,66
2888,286
2889,2000
2890,368
2891,2006
2892,90
2893,1132
2894,376
2895,411
2896,647
2897,1016
2898,12
2898,1380
2899,811
2899,1011
2900,2080
2901,2135
2902,840
2903,476
2904,1086
2904,2159
2905,1310
2906,157
2907,1539
2908,192
2909,632
2910,194
2911,388
2912,63
2913,81
2914,624
2914,1966
2914,2303
2915,253
2916,2244
2917,1016
2918,304
2919,18
2920,1310
2921,286
2922,489
2922,568
2923,90
2924,2291
2925,270
2926,240
2926,632
2926,2294
2927,374
2927,647
2927,1698
2928,262
2929,2302
2930,2304
2931,1272
2932,164
2933,250
2934,388
2935,1085
2936,231
2937,90
2938,40
2939,2329
2940,63
2941,401
2942,158
2942,823
2943,63
2944,1083
2945,10
2946,46
2947,250
2948,1073
2949,1086
2950,2384
2951,246
2951,571
2951,1812
2952,1310
2953,324
2954,214
2955,299
2956,158
2956,673
2957,1096
2958,721
2959,2424
2960,105
2961,1777
2962,251
2963,176
2964,2472
2965,155
2966,1758
2966,2005
2967,2482
2968,179
2969,18
2970,270
2971,1245
2972,522
2973,543
2973,771
2974,2531
2975,2302
2976,2538
2977,728
2978,1496
2979,592
2980,158
2981,1310
2982,271
2983,1840
2984,733
2985,2574
2986,336
2987,2453
2988,1972
2989,901
2990,2335
2991,181
2992,1421
2993,81
2994,1314
2995,90
2996,859
2997,1302
2998,2635
2999,1351
3000,561
3001,231
3002,286
3003,2659
3004,382
3005,251
3006,63
3007,90
3008,192
3009,395
3010,1310
3011,2684
3012,253
3013,350
3014,1096
3015,733
3016,1060
3017,1341
3018,251
3019,301
3020,1372
3021,249
3022,216
3023,877
3024,2724
